0 0.4951171875 0.354166665625 0.498046875 0.352864584375 0.501953125 0.34765625 0.501953125 0.342447915625 0.4990234375 0.338541665625 0.4931640625 0.338541665625 0.490234375 0.342447915625 0.490234375 0.350260415625 0.4931640625 0.3515625 0.4951171875 0.354166665625
0 0.568359375 0.337239584375 0.568359375 0.342447915625 0.56640625 0.345052084375 0.56640625 0.34765625 0.568359375 0.350260415625 0.568359375 0.352864584375 0.5732421875 0.359375 0.5791015625 0.359375 0.580078125 0.358072915625 0.5830078125 0.356770834375 0.5859375 0.352864584375 0.5859375 0.33984375 0.5791015625 0.330729165625 0.5751953125 0.330729165625 0.5732421875 0.333333334375 0.5712890625 0.333333334375 0.568359375 0.337239584375
0 0.3837890625 0.453125 0.384765625 0.45182291875 0.38671875 0.44921875 0.38671875 0.44140625 0.3857421875 0.44010416875 0.3798828125 0.44010416875 0.37890625 0.44140625 0.37890625 0.44921875 0.3818359375 0.45052083125 0.3837890625 0.453125
0 0.435546875 0.42317708125 0.435546875 0.42057291875 0.439453125 0.41276041875 0.439453125 0.38671875 0.435546875 0.381510415625 0.43359375 0.373697915625 0.4267578125 0.364583334375 0.4248046875 0.364583334375 0.4208984375 0.359375 0.4189453125 0.359375 0.4169921875 0.356770834375 0.4130859375 0.356770834375 0.4111328125 0.354166665625 0.3994140625 0.354166665625 0.3974609375 0.356770834375 0.3916015625 0.356770834375 0.3896484375 0.359375 0.3876953125 0.359375 0.373046875 0.37890625 0.373046875 0.384114584375 0.37109375 0.38671875 0.37109375 0.39453125 0.369140625 0.397135415625 0.369140625 0.40234375 0.37109375 0.40494791875 0.37109375 0.41536458125 0.373046875 0.41796875 0.373046875 0.42057291875 0.37890625 0.42838541875 0.37890625 0.43098958125 0.3818359375 0.43229166875 0.3876953125 0.44010416875 0.3896484375 0.44010416875 0.3916015625 0.44270833125 0.3955078125 0.44270833125 0.3974609375 0.4453125 0.4130859375 0.4453125 0.4140625 0.44401041875 0.4150390625 0.44270833125 0.4189453125 0.44270833125 0.4208984375 0.44010416875 0.4228515625 0.44010416875 0.4267578125 0.43489583125 0.4287109375 0.43489583125 0.4296875 0.43098958125 0.435546875 0.42317708125
0 0.3916015625 0.484375 0.392578125 0.48307291875 0.39453125 0.48046875 0.39453125 0.47786458125 0.3896484375 0.47135416875 0.3876953125 0.47395833125 0.384765625 0.47526041875 0.384765625 0.48046875 0.3876953125 0.484375 0.3916015625 0.484375
0 0.392578125 0.71484375 0.3955078125 0.71875 0.3974609375 0.71875 0.3994140625 0.72135416875 0.4052734375 0.72135416875 0.40625 0.72005208125 0.4091796875 0.71875 0.41015625 0.71484375 0.412109375 0.71223958125 0.412109375 0.70182291875 0.4072265625 0.6953125 0.3974609375 0.6953125 0.392578125 0.70182291875 0.392578125 0.71484375
0 0.4189453125 0.72916666875 0.419921875 0.72786458125 0.421875 0.72526041875 0.419921875 0.72265625 0.4189453125 0.71875 0.4130859375 0.71875 0.412109375 0.72005208125 0.412109375 0.72526041875 0.4150390625 0.72916666875 0.4189453125 0.72916666875
0 0.40625 0.75390625 0.41015625 0.75130208125 0.41015625 0.74088541875 0.4072265625 0.73697916875 0.4013671875 0.73697916875 0.3984375 0.74088541875 0.3984375 0.74869791875 0.4033203125 0.75520833125 0.40625 0.75390625
0 0.4931640625 0.61458333125 0.4912109375 0.61197916875 0.4892578125 0.61197916875 0.4873046875 0.61458333125 0.4833984375 0.61458333125 0.478515625 0.62109375 0.478515625 0.63411458125 0.4833984375 0.640625 0.4853515625 0.640625 0.4873046875 0.64322916875 0.490234375 0.64192708125 0.4931640625 0.640625 0.498046875 0.63411458125 0.498046875 0.63151041875 0.5 0.62890625 0.5 0.62630208125 0.498046875 0.62369791875 0.49609375 0.61588541875 0.4931640625 0.61458333125
0 0.482421875 0.72786458125 0.4833984375 0.72916666875 0.4912109375 0.72916666875 0.4921875 0.72786458125 0.494140625 0.72526041875 0.494140625 0.71484375 0.4912109375 0.71354166875 0.4892578125 0.7109375 0.4833984375 0.71354166875 0.482421875 0.71744791875 0.48046875 0.72005208125 0.482421875 0.72786458125
0 0.5029296875 0.77604166875 0.4990234375 0.77604166875 0.4970703125 0.77864583125 0.4951171875 0.77864583125 0.490234375 0.78515625 0.490234375 0.79557291875 0.4921875 0.79817708125 0.4921875 0.80078125 0.4951171875 0.802083334375 0.4970703125 0.8046875 0.5048828125 0.8046875 0.505859375 0.803385415625 0.509765625 0.79817708125 0.509765625 0.79557291875 0.51171875 0.79296875 0.51171875 0.78776041875 0.509765625 0.78515625 0.5087890625 0.78125 0.5068359375 0.78125 0.5029296875 0.77604166875
0 0.609375 0.64713541875 0.6142578125 0.65364583125 0.6220703125 0.65364583125 0.623046875 0.65234375 0.626953125 0.64453125 0.625 0.63671875 0.6220703125 0.6328125 0.6201171875 0.6328125 0.6181640625 0.63020833125 0.6123046875 0.6328125 0.609375 0.63671875 0.609375 0.64713541875
0 0.5322265625 0.46614583125 0.533203125 0.46484375 0.53515625 0.46223958125 0.53515625 0.45703125 0.5302734375 0.45052083125 0.5263671875 0.45052083125 0.5234375 0.45442708125 0.5234375 0.46223958125 0.5263671875 0.46614583125 0.5322265625 0.46614583125
0 0.5576171875 0.48177083125 0.5654296875 0.48177083125 0.56640625 0.48046875 0.568359375 0.47786458125 0.568359375 0.47265625 0.5654296875 0.46875 0.5595703125 0.46875 0.55859375 0.47265625 0.556640625 0.47526041875 0.556640625 0.48046875 0.5576171875 0.48177083125
0 0.6103515625 0.48697916875 0.611328125 0.48567708125 0.61328125 0.48307291875 0.61328125 0.47786458125 0.6103515625 0.47395833125 0.6044921875 0.47395833125 0.6015625 0.47786458125 0.6015625 0.48307291875 0.6044921875 0.48697916875 0.6103515625 0.48697916875
0 0.525390625 0.54036458125 0.533203125 0.53255208125 0.533203125 0.52994791875 0.537109375 0.52213541875 0.537109375 0.50651041875 0.5390625 0.50390625 0.5390625 0.49609375 0.537109375 0.49348958125 0.537109375 0.49088541875 0.533203125 0.48567708125 0.53125 0.47786458125 0.5283203125 0.47395833125 0.5263671875 0.47395833125 0.5224609375 0.46875 0.5185546875 0.46875 0.517578125 0.46744791875 0.517578125 0.46223958125 0.51953125 0.45963541875 0.51953125 0.45442708125 0.517578125 0.45182291875 0.515625 0.44401041875 0.5126953125 0.44010416875 0.5087890625 0.44010416875 0.5078125 0.44401041875 0.5029296875 0.45052083125 0.5009765625 0.45052083125 0.49609375 0.45703125 0.4951171875 0.4609375 0.4931640625 0.4609375 0.4912109375 0.45833333125 0.4853515625 0.45833333125 0.4794921875 0.453125 0.4716796875 0.453125 0.4619140625 0.44270833125 0.4560546875 0.44270833125 0.4541015625 0.4453125 0.4501953125 0.4453125 0.44921875 0.44921875 0.4462890625 0.45052083125 0.439453125 0.45963541875 0.439453125 0.46223958125 0.435546875 0.47005208125 0.4375 0.47786458125 0.435546875 0.48046875 0.435546875 0.49348958125 0.431640625 0.50130208125 0.431640625 0.50390625 0.43359375 0.50651041875 0.43359375 0.51953125 0.427734375 0.52213541875 0.427734375 0.52994791875 0.42578125 0.53255208125 0.42578125 0.53515625 0.4287109375 0.5390625 0.431640625 0.54036458125 0.427734375 0.54296875 0.427734375 0.55078125 0.4287109375 0.55208333125 0.4306640625 0.546875 0.4345703125 0.546875 0.435546875 0.54557291875 0.435546875 0.52213541875 0.4365234375 0.52083333125 0.4404296875 0.52083333125 0.4423828125 0.51822916875 0.4501953125 0.51822916875 0.451171875 0.51953125 0.451171875 0.54036458125 0.455078125 0.54817708125 0.455078125 0.55859375 0.4619140625 0.56770833125 0.4638671875 0.56770833125 0.4677734375 0.57291666875 0.4736328125 0.57291666875 0.4755859375 0.5703125 0.4951171875 0.5703125 0.4970703125 0.56770833125 0.4990234375 0.56770833125 0.501953125 0.57161458125 0.501953125 0.57421875 0.50390625 0.57682291875 0.5048828125 0.58072916875 0.5107421875 0.58072916875 0.51171875 0.57942708125 0.513671875 0.57682291875 0.513671875 0.55859375 0.515625 0.55598958125 0.515625 0.55078125 0.5166015625 0.54947916875 0.5205078125 0.54947916875 0.525390625 0.54296875 0.525390625 0.54036458125
0 0.654296875 0.47005208125 0.654296875 0.46484375 0.65234375 0.46223958125 0.650390625 0.45442708125 0.6455078125 0.44791666875 0.6318359375 0.44791666875 0.626953125 0.45442708125 0.626953125 0.46223958125 0.62890625 0.46484375 0.62890625 0.47265625 0.626953125 0.47526041875 0.626953125 0.47786458125 0.630859375 0.48307291875 0.630859375 0.48828125 0.6357421875 0.49479166875 0.6376953125 0.49479166875 0.6396484375 0.49739583125 0.642578125 0.49609375 0.646484375 0.49348958125 0.646484375 0.49088541875 0.6484375 0.48828125 0.6484375 0.48567708125 0.646484375 0.48307291875 0.646484375 0.47786458125 0.6494140625 0.4765625 0.654296875 0.47005208125
0 0.51171875 0.397135415625 0.5029296875 0.385416665625 0.4990234375 0.385416665625 0.4970703125 0.3828125 0.4912109375 0.3828125 0.4892578125 0.385416665625 0.4833984375 0.385416665625 0.482421875 0.389322915625 0.4794921875 0.390625 0.4765625 0.39453125 0.4765625 0.397135415625 0.474609375 0.399739584375 0.474609375 0.41796875 0.4765625 0.42057291875 0.4765625 0.42317708125 0.4853515625 0.43489583125 0.4892578125 0.43489583125 0.4912109375 0.4375 0.4970703125 0.4375 0.498046875 0.43619791875 0.4990234375 0.43489583125 0.5029296875 0.43489583125 0.51171875 0.42317708125 0.51171875 0.42057291875 0.513671875 0.41796875 0.513671875 0.40234375 0.51171875 0.399739584375 0.51171875 0.397135415625
1 0.4951171875 0.356770834375 0.4931640625 0.356770834375 0.4912109375 0.354166665625 0.4892578125 0.356770834375 0.4853515625 0.356770834375 0.48046875 0.36328125 0.48046875 0.376302084375 0.482421875 0.37890625 0.482421875 0.381510415625 0.4853515625 0.3828125 0.4873046875 0.385416665625 0.490234375 0.384114584375 0.4912109375 0.3828125 0.5009765625 0.3828125 0.50390625 0.37890625 0.50390625 0.368489584375 0.5 0.36328125 0.5 0.360677084375 0.4970703125 0.359375 0.4951171875 0.356770834375